! 0 TrueBlack 0 0 0 255
0 0 Black 29 43 83 255
1 1 Navy 16 25 54 255
2 2 Green 0 135 81 255
3 3 Teal 21 128 194 255
4 4 Maroon 126 37 83 255
5 5 Purple 68 37 126 255
6 6 Gold 255 163 0 255
9 9 Blue 41 48 255 255
a a Lime 0 228 54 255
b b Aqua 41 173 255 255
c c Red 255 0 77 255
d d Pink 255 119 168 255
e e Yellow 255 236 39 255
i b Ice 128 206 255 255
m d Magenta 255 0 115 255
p 5 Plum 117 50 78 255
s e Sand 255 204 170 255
w 6 Wood 217 163 93 255
y e LightYellow 255 243 117 255
~ e Saxo 251 255 0 255
o 6 Orange 255 132 0 255
